# 2004 383 0
# 2005 114 1
# 2006 109 2
# 2007 346 3
# 2008 580 4
# 2009 111 5
# 2010 222 6
# 2011 131 7
# 2012 503 8
# 2013 162 9
# 2014 197 10
# 2015 182 11
# 2016 157 12
# 2017 181 13
# 2018 326 14
# 2019 285 15
# 2020 242 16
# 2021 277 17
# 2022 236 18
# 2023 168 19
# 2024 181 20
10 0 2
14 0 4
3 1 1
17 2 2
20 2 4
0 3 1
6 4 2
16 5 2
18 5 3
4 6 1
0 7 1
20 8 3
4 9 1
7 9 2
8 9 1
3 10 1
15 11 2
4 12 1
4 13 1
11 14 2
12 14 2
14 14 2
20 15 4
14 16 3
17 16 3
3 17 1
4 18 1
0 19 1
6 20 2
4 21 1
4 22 1
0 23 1
14 24 4
3 25 1
4 26 1
17 27 2
8 28 2
3 29 2
8 30 1
18 31 2
8 32 1
8 33 1
0 34 1
8 35 1
3 36 1
15 37 2
16 37 2
17 37 2
18 37 2
19 37 3
20 37 5
0 38 1
0 39 1
4 40 1
0 41 2
1 41 2
8 42 1
17 43 2
18 44 2
0 45 1
2 46 2
15 47 3
14 48 2
17 49 2
14 50 2
8 51 1
0 52 1
3 53 1
4 54 1
15 55 2
0 56 1
18 57 2
0 58 1
4 59 1
6 59 2
17 60 3
4 61 1
4 62 1
4 63 1
0 64 1
3 65 1
15 66 3
16 67 2
4 68 1
4 69 1
14 70 3
15 71 2
18 72 2
0 73 1
3 74 1
8 75 1
11 76 2
15 77 2
4 78 1
14 79 3
15 79 6
16 79 5
17 79 9
18 79 4
3 80 1
4 80 1
8 81 1
8 82 1
10 83 2
20 84 3
4 85 1
4 86 1
4 87 1
8 88 1
0 89 1
15 90 2
19 91 3
9 92 2
0 93 1
0 94 1
0 95 1
8 96 1
4 97 1
4 98 1
0 99 1
4 100 1
5 101 2
4 102 1
0 103 1
6 104 2
4 105 1
6 105 3
7 105 3
8 105 1
8 106 1
4 107 1
0 108 3
3 109 1
11 110 3
13 110 5
18 111 2
12 112 2
19 113 3
4 114 2
5 114 3
6 114 5
7 114 3
8 114 3
0 115 1
8 116 1
9 116 2
8 117 1
15 118 2
8 119 1
15 120 2
16 120 2
17 120 2
18 120 4
19 120 3
20 120 6
0 121 1
3 122 1
8 123 1
9 124 2
4 125 1
0 126 1
8 127 1
0 128 1
14 129 2
18 129 2
8 130 1
0 131 1
15 132 2
8 133 1
8 134 1
0 135 1
3 136 1
0 137 2
1 137 3
2 137 2
10 138 2
4 139 1
15 140 2
0 141 2
0 142 1
4 143 1
18 144 2
0 145 1
3 146 1
4 147 1
4 148 1
4 149 1
14 150 2
8 151 1
4 152 1
8 153 1
4 154 1
8 155 1
8 156 1
3 157 1
1 158 2
0 159 1
0 160 1
1 160 2
4 160 1
3 161 1
17 162 2
4 163 1
4 164 1
9 165 2
4 166 1
18 167 2
8 168 1
4 169 1
8 170 1
4 171 1
8 172 1
15 173 4
16 173 4
17 173 3
18 173 3
8 174 1
8 175 1
10 176 3
11 177 2
8 178 1
3 179 1
10 180 3
16 181 3
3 182 1
0 183 1
0 184 1
0 185 1
6 186 2
7 186 3
8 186 1
9 186 5
10 186 6
0 187 1
8 188 1
3 189 1
17 190 3
0 191 1
8 192 1
0 193 1
4 194 1
16 195 2
4 196 1
4 197 1
4 198 1
4 199 1
3 200 1
8 201 1
10 202 2
11 203 2
19 204 3
3 205 1
20 206 3
4 207 1
4 208 1
14 209 2
4 210 1
4 211 1
16 212 2
0 213 1
4 214 1
8 215 1
12 216 3
13 216 4
14 216 5
18 217 2
8 218 1
6 219 2
15 220 2
6 221 2
8 222 1
4 223 1
8 224 1
4 225 1
15 226 2
4 227 1
1 228 2
8 229 1
16 230 2
8 231 1
19 232 3
20 232 7
4 233 1
16 234 2
6 235 2
8 235 1
9 235 2
13 236 2
10 237 2
8 238 1
12 239 2
15 240 2
16 241 2
4 242 1
0 243 1
4 244 2
3 245 1
5 246 2
13 247 2
14 247 4
0 248 1
4 249 1
7 250 2
8 251 1
20 252 3
4 253 1
0 254 1
7 255 3
8 255 1
9 255 3
15 256 2
16 256 2
3 257 1
13 258 2
15 259 2
17 259 2
10 260 2
11 260 2
8 261 1
0 262 1
11 263 2
14 264 2
15 264 2
17 265 2
4 266 1
17 267 2
5 268 2
8 269 1
3 270 1
4 271 1
3 272 1
8 273 1
4 274 1
3 275 1
8 276 1
12 277 2
14 277 2
4 278 1
0 279 1
4 280 1
8 281 1
14 282 2
8 283 1
0 284 4
8 285 1
14 286 2
3 287 1
3 288 1
0 289 1
3 290 1
3 291 1
8 292 1
4 293 1
8 294 1
8 295 1
10 296 2
16 297 2
8 298 1
12 299 2
3 300 1
14 301 2
17 301 2
18 301 2
4 302 1
18 303 2
3 304 1
4 304 1
16 305 3
8 306 1
8 307 1
11 308 2
12 308 2
15 308 2
4 309 1
8 310 1
18 311 2
8 312 1
16 313 2
15 314 2
8 315 1
3 316 1
3 317 1
8 318 1
20 319 3
0 320 1
8 321 1
0 322 1
2 323 2
7 324 2
8 324 1
3 325 1
11 326 2
3 327 1
8 328 1
3 329 1
0 330 1
16 331 2
18 332 2
4 333 1
14 334 2
2 335 2
4 336 1
8 337 1
0 338 1
4 339 1
16 340 2
4 341 1
11 342 2
12 343 2
4 344 1
3 345 1
4 346 1
17 347 2
4 348 1
8 348 1
8 349 1
18 350 2
4 351 1
4 352 1
17 353 2
0 354 1
8 355 1
17 356 3
19 356 3
3 357 2
4 358 1
3 359 1
9 360 2
17 361 2
3 362 1
10 363 2
8 364 1
0 365 1
8 366 1
17 367 2
3 368 1
0 369 1
11 370 2
4 371 1
5 372 2
7 372 7
8 372 1
9 372 2
0 373 1
4 374 1
0 375 1
8 376 1
12 377 2
3 378 1
0 379 1
8 380 1
8 381 1
4 382 1
8 383 1
10 384 2
19 385 3
4 386 1
8 387 1
10 388 2
8 389 1
11 390 4
12 390 6
13 390 4
4 391 1
9 392 2
0 393 1
2 393 2
3 393 1
0 394 1
3 395 1
3 396 1
4 397 1
8 398 1
0 399 1
4 400 1
15 401 2
18 402 3
8 403 1
0 404 2
14 405 2
15 405 4
8 406 1
11 407 2
8 408 1
8 409 2
0 410 1
4 411 1
4 412 1
0 413 1
2 414 5
3 414 1
4 414 1
5 414 2
6 415 2
12 416 2
14 417 2
8 418 1
4 419 1
6 419 3
8 419 1
15 420 2
8 421 1
8 422 1
0 423 1
16 424 2
15 425 2
20 426 6
8 427 1
16 428 3
8 429 1
17 430 2
0 431 1
8 432 1
0 433 1
18 434 2
20 435 4
9 436 2
14 437 2
0 438 1
3 439 1
8 440 1
15 441 2
16 441 2
4 442 1
12 443 2
13 443 2
3 444 1
4 445 1
17 446 2
4 447 1
5 448 2
6 449 2
3 450 1
10 451 2
13 452 2
9 453 3
0 454 1
6 455 2
0 456 1
8 457 1
4 458 1
10 459 2
16 460 3
4 461 1
8 462 2
9 462 2
10 462 2
0 463 1
11 464 2
12 465 2
18 466 2
4 467 1
8 468 1
14 469 2
8 470 1
9 470 2
11 470 2
10 471 2
2 472 2
4 473 1
8 474 1
14 475 4
8 476 1
17 477 2
18 477 2
3 478 1
6 478 2
3 479 1
4 480 1
16 481 3
0 482 1
8 483 1
3 484 1
3 485 1
4 486 1
8 487 1
8 488 1
3 489 1
3 490 1
0 491 1
18 492 2
3 493 1
15 494 3
17 494 3
18 494 5
19 494 3
3 495 1
4 496 1
3 497 1
3 498 1
4 499 1
4 500 1
8 501 1
14 502 2
2 503 2
3 503 1
16 504 2
17 504 2
18 504 3
19 504 5
20 504 3
4 505 1
3 506 1
4 506 1
0 507 1
8 508 1
1 509 2
5 509 3
4 510 1
8 511 1
15 512 2
8 513 1
3 514 1
8 515 2
4 516 1
8 517 1
8 518 1
15 519 2
14 520 3
15 520 2
14 521 2
0 522 1
1 522 2
2 522 3
3 522 2
17 523 2
19 524 3
1 525 2
0 526 1
8 527 1
18 528 2
0 529 3
1 529 6
2 529 5
4 529 1
0 530 1
13 531 2
3 532 1
8 533 1
3 534 1
3 535 1
8 536 1
8 537 1
11 537 2
8 538 1
8 539 1
4 540 1
20 541 3
8 542 1
8 543 1
4 544 1
3 545 1
13 546 2
4 547 1
4 548 1
18 549 2
0 550 1
17 551 2
8 552 1
4 553 1
13 554 2
8 555 1
3 556 1
4 557 1
4 558 1
4 559 1
3 560 1
0 561 1
4 562 1
17 563 2
14 564 2
17 564 3
0 565 2
14 566 2
20 567 3
0 568 1
0 569 1
15 570 2
8 571 1
14 572 2
15 572 2
8 573 1
12 574 2
4 575 1
0 576 1
8 577 1
8 578 1
18 579 2
17 580 2
3 581 1
8 582 1
6 583 2
15 584 2
4 585 1
8 586 1
17 587 2
18 587 2
4 588 1
18 589 2
8 590 1
12 591 3
10 592 2
11 592 2
4 593 1
4 594 1
4 595 1
15 596 2
0 597 1
0 598 1
0 599 1
6 600 2
8 601 1
0 602 1
4 603 1
3 604 1
8 605 1
14 606 2
4 607 2
5 607 2
6 607 2
7 607 2
8 607 2
8 608 1
8 609 1
17 610 2
8 611 1
11 611 2
0 612 1
4 613 1
4 614 1
8 615 1
6 616 2
11 617 2
14 618 2
4 619 1
0 620 1
0 621 1
8 622 1
9 622 2
4 623 1
8 624 1
11 624 2
8 625 1
4 626 1
8 627 1
3 628 1
8 629 1
8 630 1
4 631 1
12 632 3
3 633 1
14 634 2
4 635 1
8 636 1
18 637 2
5 638 3
6 638 2
7 638 2
8 638 1
10 638 2
11 639 2
15 640 2
8 641 1
4 642 1
8 643 1
4 644 1
4 645 1
4 646 1
7 646 3
8 647 1
3 648 1
15 649 2
17 649 2
8 650 1
10 651 2
11 652 2
18 653 2
20 653 3
0 654 1
11 655 2
8 656 1
15 657 2
0 658 2
1 658 3
2 658 2
3 659 1
8 660 1
8 661 1
10 661 2
4 662 1
16 663 2
8 664 1
9 665 2
0 666 1
4 667 1
8 668 1
4 669 1
3 670 1
0 671 3
1 671 3
2 671 2
3 671 1
17 672 2
9 673 2
9 674 2
16 675 3
17 675 2
18 675 2
4 676 1
4 677 1
10 678 2
15 679 2
4 680 1
0 681 1
4 682 1
13 683 2
4 684 1
0 685 1
8 686 1
3 687 1
4 688 1
8 689 1
9 690 3
19 691 3
8 692 1
7 693 2
2 694 2
3 694 1
4 694 3
5 694 3
11 695 2
12 695 3
14 695 2
15 695 2
0 696 1
14 697 2
18 698 2
16 699 2
4 700 1
4 701 1
4 702 1
15 703 2
4 704 1
3 705 1
4 705 1
4 706 1
8 707 1
4 708 1
3 709 1
4 709 1
2 710 2
14 711 2
14 712 2
17 713 2
18 713 2
19 713 4
14 714 2
17 715 3
16 716 2
0 717 1
4 718 1
4 719 1
0 720 1
13 721 2
0 722 2
2 722 3
18 723 2
18 724 2
0 725 1
0 726 2
18 727 2
10 728 2
18 729 2
4 730 1
18 731 2
3 732 1
15 733 2
4 734 1
6 734 2
8 735 2
16 736 2
12 737 2
3 738 1
3 739 1
0 740 1
3 740 1
11 741 2
14 741 4
10 742 2
14 743 3
8 744 1
13 745 3
15 745 2
0 746 1
17 747 2
8 748 1
0 749 1
3 750 1
4 751 1
8 752 1
4 753 1
8 754 1
17 755 2
8 756 2
4 757 1
3 758 1
0 759 1
15 760 2
17 761 2
16 762 2
0 763 1
1 763 2
3 764 1
0 765 1
4 766 1
3 767 1
3 768 1
8 769 1
9 769 4
10 769 2
4 770 1
4 771 1
20 772 3
0 773 2
4 774 1
14 775 3
4 776 1
0 777 2
0 778 1
3 779 1
4 780 1
19 781 4
4 782 1
12 783 3
17 784 2
8 785 1
3 786 1
0 787 1
5 787 2
0 788 1
3 789 1
3 790 1
0 791 1
0 792 1
8 793 1
0 794 1
8 795 1
9 795 4
10 795 2
11 795 2
4 796 1
8 797 1
10 798 2
0 799 2
5 800 2
8 801 1
3 802 1
4 803 1
8 804 1
14 805 2
10 806 2
6 807 2
18 808 2
3 809 1
12 810 2
0 811 1
10 812 2
17 813 4
18 813 3
3 814 1
8 815 1
10 815 3
11 815 2
3 816 1
6 817 2
8 817 2
3 818 1
16 819 2
3 820 1
16 821 3
15 822 2
18 822 2
4 823 1
16 824 2
18 824 2
19 824 5
20 824 3
3 825 1
14 826 3
20 827 3
14 828 3
20 829 4
3 830 1
17 831 2
0 832 1
4 833 1
8 834 1
0 835 1
4 836 1
4 837 1
3 838 1
8 839 1
8 840 1
4 841 1
13 842 2
0 843 1
4 843 1
12 844 2
0 845 1
11 846 2
13 846 2
14 846 2
15 846 2
8 847 1
6 848 2
0 849 1
4 850 1
5 850 2
6 850 4
7 850 3
8 850 1
9 850 2
0 851 1
15 852 2
15 853 2
0 854 1
4 855 1
4 856 1
6 857 2
3 858 1
13 859 2
14 860 2
8 861 3
1 862 2
8 863 1
8 864 1
0 865 1
8 866 1
0 867 1
8 868 1
8 869 1
4 870 1
4 871 1
8 872 1
0 873 1
3 874 1
4 875 1
8 876 1
3 877 1
3 878 1
9 879 2
6 880 2
8 881 1
4 882 1
8 883 1
0 884 1
8 885 1
4 886 1
5 886 2
7 886 2
10 887 2
3 888 1
16 889 2
4 890 1
17 891 2
8 892 1
8 893 1
4 894 1
4 895 2
6 895 2
8 896 1
3 897 1
8 898 1
4 899 1
15 900 3
16 900 5
18 900 2
19 900 4
4 901 1
0 902 1
3 903 1
7 903 2
0 904 1
7 905 2
4 906 1
14 907 2
0 908 1
4 909 1
3 910 1
4 911 1
3 912 1
18 913 2
19 913 7
20 913 5
4 914 1
0 915 1
4 916 1
3 917 1
0 918 1
14 919 3
10 920 2
12 921 2
15 921 3
17 922 2
19 922 3
20 922 4
13 923 2
4 924 1
8 925 1
9 925 2
10 925 2
14 926 2
3 927 1
4 928 1
4 929 1
4 930 1
4 931 1
18 932 2
19 932 3
20 932 3
8 933 1
13 934 2
8 935 1
16 936 3
18 936 2
19 936 8
0 937 1
4 938 1
18 939 3
0 940 1
0 941 1
8 942 1
0 943 1
8 944 2
16 945 3
18 945 5
19 945 6
20 945 6
0 946 1
8 947 1
3 948 1
4 949 1
13 950 3
0 951 1
3 952 1
8 953 1
4 954 1
8 955 1
8 956 1
7 957 2
18 958 2
17 959 2
8 960 1
0 961 1
14 962 2
4 963 1
14 964 2
4 965 1
3 966 1
4 967 1
17 968 2
18 969 2
0 970 1
4 971 1
4 972 1
12 973 3
4 974 1
14 975 3
15 975 3
16 975 3
17 975 3
16 976 2
3 977 1
0 978 1
4 979 1
8 980 1
4 981 1
17 982 2
8 983 1
4 984 1
0 985 1
3 986 1
11 987 2
13 987 2
6 988 2
15 989 2
8 990 1
12 990 2
8 991 1
14 992 2
0 993 1
4 994 1
3 995 1
11 996 2
8 997 1
0 998 4
1 998 6
2 998 3
13 999 2
8 1000 1
18 1001 2
2 1002 2
3 1003 1
8 1004 1
4 1005 1
5 1006 2
11 1007 2
9 1008 2
0 1009 1
0 1010 3
1 1010 2
2 1010 3
3 1010 1
0 1011 1
8 1012 1
14 1013 2
3 1014 1
3 1015 1
8 1016 1
3 1017 1
8 1018 1
17 1019 2
8 1020 1
11 1021 2
3 1022 1
3 1023 1
13 1024 2
14 1025 3
4 1026 1
6 1026 2
17 1027 2
5 1028 2
12 1029 2
11 1030 3
13 1030 2
14 1030 4
15 1030 4
17 1031 2
8 1032 1
0 1033 1
2 1034 2
10 1035 2
16 1036 3
18 1036 2
16 1037 2
3 1038 1
8 1039 1
4 1040 1
3 1041 1
3 1042 1
4 1043 1
16 1044 3
0 1045 1
8 1046 1
17 1047 2
4 1048 1
0 1049 1
15 1050 2
4 1051 1
4 1052 1
4 1053 1
3 1054 1
4 1055 1
8 1056 1
8 1057 2
3 1058 1
16 1059 2
4 1060 2
6 1060 3
15 1061 2
0 1062 1
4 1063 1
6 1063 4
7 1063 2
9 1063 4
3 1064 1
3 1065 1
4 1066 1
3 1067 1
4 1067 2
16 1068 2
14 1069 2
17 1069 2
4 1070 1
4 1071 1
15 1072 2
18 1072 3
0 1073 2
8 1074 1
4 1075 1
4 1076 1
4 1077 1
4 1078 1
12 1079 2
3 1080 1
4 1081 1
8 1082 1
9 1082 2
3 1083 1
19 1084 3
4 1085 1
18 1086 2
0 1087 1
4 1088 1
18 1089 2
4 1090 1
8 1091 1
18 1092 2
8 1093 2
9 1093 3
10 1093 3
11 1093 2
12 1093 4
5 1094 3
12 1095 2
4 1096 1
3 1097 4
4 1098 1
4 1099 1
6 1099 3
7 1099 4
8 1099 3
9 1099 4
10 1099 2
13 1100 2
16 1100 2
8 1101 1
15 1102 2
16 1102 2
3 1103 1
8 1104 1
0 1105 1
2 1105 2
8 1106 1
15 1107 2
3 1108 1
8 1109 1
0 1110 1
4 1111 1
16 1112 2
4 1113 1
14 1114 2
15 1115 2
4 1116 1
3 1117 1
4 1118 1
3 1119 1
13 1120 2
14 1121 2
0 1122 1
0 1123 1
4 1124 1
3 1125 1
4 1126 1
20 1127 3
3 1128 1
3 1129 1
4 1129 1
4 1130 1
14 1131 2
16 1131 3
17 1131 2
4 1132 1
3 1133 1
16 1134 2
4 1135 1
0 1136 1
4 1137 1
15 1138 3
18 1138 2
4 1139 1
12 1140 2
17 1141 2
0 1142 1
8 1143 1
9 1143 2
10 1143 2
17 1144 2
0 1145 1
19 1146 3
0 1147 2
10 1148 2
4 1149 1
4 1150 1
16 1151 2
8 1152 1
4 1153 1
12 1154 2
13 1154 2
14 1154 5
15 1154 4
3 1155 1
0 1156 2
1 1156 3
0 1157 1
14 1158 8
15 1158 5
16 1158 3
17 1158 4
18 1158 4
18 1159 2
0 1160 2
1 1160 2
11 1161 2
17 1162 2
3 1163 1
5 1164 2
13 1165 2
9 1166 3
10 1166 2
12 1167 2
4 1168 1
13 1169 4
14 1169 4
15 1169 4
10 1170 2
20 1171 3
4 1172 1
4 1173 1
6 1173 2
0 1174 1
4 1175 1
6 1175 2
8 1176 2
8 1177 1
4 1178 1
4 1179 1
8 1180 1
0 1181 1
1 1181 5
2 1181 3
4 1181 1
20 1182 3
3 1183 1
4 1183 2
6 1183 3
7 1183 2
8 1183 1
10 1184 2
11 1185 2
16 1186 2
8 1187 1
0 1188 1
16 1189 2
3 1190 1
3 1191 1
4 1191 1
5 1191 2
6 1191 2
17 1192 2
17 1193 2
4 1194 1
4 1195 1
0 1196 1
7 1197 2
8 1197 2
9 1197 3
10 1197 3
11 1197 2
4 1198 1
4 1199 1
16 1200 2
17 1200 2
0 1201 1
3 1202 1
1 1203 2
13 1204 2
17 1205 2
12 1206 2
8 1207 1
0 1208 2
4 1209 1
13 1210 2
14 1210 2
4 1211 1
4 1212 1
4 1213 1
4 1214 2
18 1215 2
3 1216 1
4 1217 1
8 1218 1
3 1219 1
9 1220 2
17 1221 2
17 1222 2
0 1223 1
17 1224 2
4 1225 1
9 1226 2
15 1227 5
16 1227 3
18 1227 5
19 1227 4
4 1228 1
3 1229 1
3 1230 1
0 1231 1
4 1232 1
6 1232 2
8 1233 1
17 1234 2
4 1235 1
8 1236 1
8 1237 1
3 1238 1
8 1239 1
11 1240 3
12 1240 2
13 1240 2
14 1240 4
15 1240 6
16 1240 4
6 1241 2
4 1242 1
3 1243 1
5 1244 2
8 1245 2
4 1246 1
14 1247 2
16 1248 2
3 1249 1
0 1250 1
8 1251 1
14 1252 2
3 1253 1
3 1254 1
0 1255 1
4 1256 1
0 1257 1
5 1258 2
19 1259 3
17 1260 2
18 1260 2
19 1260 3
20 1260 5
0 1261 1
16 1262 2
4 1263 1
0 1264 1
8 1265 1
8 1266 1
12 1267 2
14 1268 5
16 1268 2
7 1269 2
11 1270 3
4 1271 1
8 1272 1
8 1273 1
14 1274 2
8 1275 2
12 1275 2
3 1276 1
0 1277 1
4 1278 1
4 1279 1
15 1280 2
0 1281 1
8 1282 2
9 1282 3
10 1282 7
11 1282 2
12 1282 2
4 1283 2
0 1284 1
4 1285 1
8 1286 1
4 1287 1
4 1288 1
0 1289 1
3 1290 1
4 1291 1
5 1291 2
12 1292 2
3 1293 1
16 1294 2
0 1295 1
1 1295 3
2 1295 2
4 1295 1
0 1296 1
8 1297 1
18 1298 2
14 1299 2
10 1300 2
8 1301 1
15 1302 2
15 1303 2
7 1304 2
8 1305 1
4 1306 1
8 1307 1
15 1308 2
3 1309 1
12 1310 3
13 1310 2
4 1311 1
4 1312 1
8 1313 1
11 1314 2
4 1315 1
17 1316 2
0 1317 1
18 1318 2
17 1319 2
3 1320 1
8 1321 1
8 1322 1
0 1323 1
4 1324 1
8 1325 1
14 1326 2
8 1327 1
13 1328 2
14 1328 2
3 1329 5
5 1329 4
6 1329 2
4 1330 1
3 1331 1
4 1332 1
5 1333 2
0 1334 1
1 1334 3
4 1335 1
3 1336 1
12 1337 2
14 1337 2
11 1338 3
7 1339 3
9 1339 3
10 1339 6
11 1340 3
17 1341 3
18 1341 2
0 1342 1
18 1343 2
4 1344 1
8 1345 1
3 1346 1
7 1347 2
0 1348 4
1 1348 2
2 1348 3
3 1348 1
4 1349 1
5 1350 2
9 1351 2
1 1352 2
13 1353 2
3 1354 1
4 1355 1
8 1356 3
3 1357 1
4 1358 1
5 1359 2
17 1360 2
4 1361 1
4 1362 1
6 1363 2
18 1364 2
20 1365 3
4 1366 1
0 1367 1
4 1368 1
8 1369 1
4 1370 1
17 1371 3
0 1372 1
12 1373 3
13 1374 2
0 1375 1
3 1376 2
6 1377 2
14 1378 2
4 1379 1
8 1380 1
4 1381 1
3 1382 1
4 1383 1
4 1384 1
12 1385 2
4 1386 1
8 1387 2
4 1388 1
17 1389 2
20 1390 4
4 1391 1
4 1392 1
8 1393 1
0 1394 1
4 1395 1
6 1396 2
8 1397 2
17 1398 2
14 1399 2
15 1399 2
16 1399 4
17 1399 3
8 1400 1
0 1401 1
14 1402 2
4 1403 1
4 1404 1
4 1405 1
15 1406 2
0 1407 1
4 1408 1
8 1409 1
17 1410 2
15 1411 2
16 1411 2
8 1412 1
8 1413 1
3 1414 1
4 1415 1
16 1416 2
0 1417 1
3 1418 1
9 1419 3
15 1420 2
4 1421 1
5 1422 2
14 1423 2
16 1424 2
6 1425 2
10 1425 2
20 1426 3
0 1427 1
8 1428 1
4 1429 1
8 1429 1
9 1429 2
8 1430 2
16 1431 2
4 1432 1
4 1433 1
0 1434 1
6 1435 2
13 1436 3
15 1436 2
4 1437 1
0 1438 1
3 1439 1
4 1440 1
14 1441 2
10 1442 2
3 1443 1
4 1444 1
8 1445 1
4 1446 1
13 1447 2
0 1448 1
4 1449 1
4 1450 1
4 1451 1
9 1452 2
8 1453 1
9 1453 2
10 1453 3
11 1453 2
8 1454 1
4 1455 1
9 1456 4
14 1457 2
16 1457 2
4 1458 1
3 1459 1
4 1460 1
16 1461 2
8 1462 1
15 1463 2
0 1464 1
7 1465 2
0 1466 1
0 1467 1
19 1468 3
3 1469 1
0 1470 1
8 1471 1
4 1472 1
4 1473 1
3 1474 1
15 1475 3
18 1475 3
19 1475 5
3 1476 2
16 1477 2
4 1478 1
6 1479 2
3 1480 1
4 1481 1
7 1482 3
0 1483 1
1 1483 2
2 1483 2
8 1484 1
3 1485 2
4 1485 1
5 1485 5
6 1485 7
7 1485 4
0 1486 1
0 1487 1
3 1488 1
4 1489 1
6 1489 2
8 1489 1
15 1490 2
18 1490 2
20 1490 3
8 1491 1
3 1492 1
8 1493 1
10 1494 2
3 1495 1
3 1496 1
4 1497 1
17 1498 2
4 1499 1
3 1500 1
16 1501 2
3 1502 1
0 1503 2
0 1504 2
1 1504 3
4 1505 1
3 1506 1
12 1507 2
3 1508 1
0 1509 1
0 1510 1
1 1510 3
3 1511 1
8 1512 1
3 1513 1
6 1514 2
8 1515 1
9 1515 2
11 1515 2
12 1515 2
3 1516 1
15 1517 2
6 1518 3
0 1519 1
19 1520 3
18 1521 2
11 1522 2
4 1523 1
6 1524 2
4 1525 1
3 1526 1
14 1527 2
8 1528 1
12 1528 3
19 1529 3
3 1530 1
18 1531 2
13 1532 2
19 1533 3
0 1534 1
4 1535 1
8 1536 1
4 1537 1
4 1538 1
0 1539 1
4 1540 1
0 1541 1
8 1542 1
4 1543 1
3 1544 2
0 1545 1
3 1545 1
4 1546 1
4 1547 1
8 1548 1
8 1549 1
12 1549 2
8 1550 1
8 1551 1
3 1552 1
3 1553 1
4 1554 1
0 1555 1
8 1556 1
11 1557 2
0 1558 1
4 1559 1
3 1560 1
14 1561 2
15 1561 2
20 1562 3
4 1563 1
15 1564 2
3 1565 1
16 1566 2
17 1567 2
14 1568 2
1 1569 2
4 1569 1
8 1570 1
8 1571 1
3 1572 1
8 1573 1
3 1574 1
18 1575 2
4 1576 1
0 1577 1
18 1578 2
4 1579 1
3 1580 1
8 1581 1
3 1582 1
8 1583 1
4 1584 1
3 1585 1
4 1585 2
4 1586 1
6 1587 2
7 1587 2
8 1588 1
8 1589 1
17 1590 2
18 1590 3
19 1590 3
20 1590 5
4 1591 1
15 1592 2
7 1593 3
8 1593 1
9 1593 3
11 1593 2
8 1594 1
3 1595 1
8 1596 1
8 1597 1
20 1598 3
11 1599 2
13 1600 2
3 1601 1
3 1602 1
3 1603 1
3 1604 1
16 1605 2
0 1606 1
6 1607 3
4 1608 1
8 1609 1
15 1610 3
17 1610 2
2 1611 2
5 1611 2
17 1612 2
17 1613 2
4 1614 1
4 1615 1
3 1616 1
0 1617 1
11 1618 2
15 1619 2
19 1620 3
3 1621 1
4 1621 1
0 1622 1
19 1623 4
3 1624 1
13 1625 2
0 1626 3
1 1626 2
15 1627 2
11 1628 2
6 1629 2
11 1630 2
14 1631 2
15 1631 2
4 1632 1
10 1633 3
11 1633 2
17 1634 2
13 1635 4
4 1636 1
8 1637 1
8 1638 1
12 1639 2
13 1639 2
14 1639 2
18 1640 2
4 1641 1
8 1642 1
0 1643 1
4 1644 1
1 1645 2
3 1645 1
4 1645 1
5 1645 5
14 1646 2
4 1647 1
17 1648 2
1 1649 2
2 1649 2
0 1650 1
3 1651 1
17 1652 2
14 1653 2
0 1654 3
1 1654 2
8 1655 1
4 1656 1
7 1657 2
10 1658 2
16 1659 2
4 1660 1
3 1661 1
0 1662 1
0 1663 1
6 1664 2
13 1665 2
15 1665 2
8 1666 1
3 1667 1
8 1668 1
13 1669 2
10 1670 2
11 1670 2
12 1670 2
1 1671 2
3 1671 1
4 1672 1
0 1673 1
6 1674 2
7 1674 3
0 1675 2
1 1675 2
2 1675 2
4 1676 1
2 1677 2
14 1678 2
8 1679 1
9 1679 2
8 1680 1
4 1681 1
12 1682 2
8 1683 1
4 1684 1
4 1685 1
8 1686 1
4 1687 1
4 1688 1
4 1689 1
8 1690 1
4 1691 1
14 1692 2
15 1692 2
16 1692 2
18 1693 2
4 1694 1
4 1695 1
2 1696 2
8 1697 1
16 1698 2
3 1699 1
18 1700 2
1 1701 2
3 1701 2
4 1702 1
3 1703 1
16 1704 2
17 1705 2
19 1705 4
4 1706 1
8 1707 1
2 1708 2
6 1709 2
7 1709 2
8 1709 2
9 1709 2
13 1710 2
18 1711 2
10 1712 2
4 1713 1
8 1714 1
9 1714 2
12 1714 2
4 1715 1
0 1716 1
1 1716 4
2 1716 3
4 1716 1
0 1717 1
8 1718 1
17 1719 2
8 1720 1
12 1721 2
15 1721 3
8 1722 1
13 1723 4
14 1723 3
15 1723 5
16 1723 3
17 1723 6
8 1724 1
2 1725 2
3 1726 1
4 1727 1
4 1728 1
17 1729 2
10 1730 2
12 1730 2
13 1730 2
16 1731 2
0 1732 1
4 1733 1
8 1734 1
17 1735 2
3 1736 1
4 1737 1
7 1737 3
4 1738 1
14 1739 2
5 1740 2
14 1741 3
3 1742 1
4 1743 1
4 1744 1
3 1745 1
6 1745 2
4 1746 2
7 1746 4
8 1746 2
3 1747 1
0 1748 1
4 1749 1
8 1750 1
14 1751 2
20 1752 3
0 1753 1
4 1754 1
4 1755 1
8 1756 1
0 1757 1
4 1758 1
15 1759 2
8 1760 1
4 1761 1
4 1762 1
3 1763 1
0 1764 1
18 1765 2
5 1766 2
8 1767 1
17 1768 2
8 1769 1
1 1770 2
3 1770 1
13 1771 2
4 1772 1
9 1773 2
17 1774 2
3 1775 1
4 1776 1
4 1777 1
3 1778 1
15 1779 2
17 1779 2
16 1780 3
4 1781 1
0 1782 1
3 1783 1
18 1784 2
3 1785 1
17 1786 2
8 1787 1
13 1788 3
4 1789 1
0 1790 3
1 1790 4
2 1790 2
4 1791 1
4 1792 1
4 1793 1
8 1794 1
5 1795 2
9 1796 4
4 1797 1
4 1798 1
6 1799 2
20 1800 3
8 1801 1
8 1802 1
13 1803 3
14 1804 2
15 1805 2
3 1806 1
4 1807 1
15 1808 2
17 1809 2
15 1810 2
0 1811 1
3 1812 1
3 1813 1
4 1813 1
4 1814 1
8 1815 1
11 1816 2
8 1817 1
8 1818 1
4 1819 1
4 1820 1
0 1821 1
3 1822 1
4 1822 2
5 1822 3
18 1823 2
8 1824 1
4 1825 1
8 1826 1
3 1827 1
4 1828 1
15 1829 2
4 1830 1
4 1831 1
8 1832 3
16 1833 2
2 1834 2
17 1835 3
6 1836 2
8 1837 1
8 1838 1
4 1839 1
2 1840 3
8 1841 1
14 1842 2
0 1843 1
4 1844 1
19 1845 3
20 1845 3
4 1846 1
11 1847 3
12 1847 4
13 1847 3
14 1847 3
0 1848 2
4 1848 1
6 1849 2
4 1850 1
4 1851 1
18 1852 3
1 1853 3
7 1854 2
8 1854 2
9 1854 2
10 1854 11
11 1854 8
14 1855 2
4 1856 1
8 1857 1
3 1858 1
4 1858 1
11 1859 2
0 1860 1
7 1861 2
0 1862 1
13 1863 3
4 1864 1
17 1865 2
14 1866 2
16 1867 2
8 1868 1
8 1869 1
4 1870 1
0 1871 1
13 1872 2
16 1873 4
4 1874 1
3 1875 1
4 1876 1
7 1877 3
8 1877 1
9 1877 4
10 1877 4
8 1878 2
0 1879 1
4 1880 1
8 1881 1
13 1882 3
0 1883 1
0 1884 1
4 1885 1
3 1886 1
14 1887 2
4 1888 1
4 1889 1
13 1890 2
14 1890 5
15 1890 4
4 1891 1
10 1892 2
8 1893 1
10 1894 2
4 1895 1
8 1896 1
7 1897 2
3 1898 1
0 1899 1
13 1900 3
16 1901 2
18 1901 2
4 1902 1
20 1903 3
3 1904 1
4 1905 1
8 1906 1
0 1907 1
8 1908 1
0 1909 1
4 1910 1
5 1910 2
8 1911 1
3 1912 1
4 1913 1
14 1914 2
15 1914 2
17 1915 3
16 1916 2
8 1917 1
11 1918 4
13 1918 2
20 1919 3
0 1920 1
4 1920 1
3 1921 1
6 1922 2
7 1922 4
8 1922 1
9 1922 2
0 1923 1
4 1924 1
8 1925 1
3 1926 1
4 1926 1
6 1926 2
8 1927 1
0 1928 1
14 1929 2
3 1930 1
4 1931 1
8 1932 1
7 1933 2
14 1934 2
4 1935 1
4 1936 1
3 1937 1
19 1938 3
3 1939 1
4 1939 1
8 1940 1
10 1941 2
18 1942 2
0 1943 1
8 1944 2
4 1945 1
8 1946 1
3 1947 1
3 1948 1
17 1949 2
11 1950 2
12 1950 4
4 1951 1
4 1952 2
0 1953 1
8 1954 1
3 1955 1
4 1956 1
11 1957 3
13 1957 2
17 1958 2
4 1959 1
8 1959 1
9 1959 2
8 1960 1
6 1961 3
11 1962 2
8 1963 1
0 1964 2
13 1965 2
17 1966 3
3 1967 1
15 1968 2
3 1969 1
8 1970 1
8 1971 1
16 1972 2
8 1973 1
8 1974 1
3 1975 1
4 1976 1
12 1977 2
13 1977 3
8 1978 1
4 1979 1
3 1980 1
14 1981 2
17 1982 2
0 1983 1
1 1983 3
3 1983 1
4 1983 1
4 1984 1
8 1985 1
14 1986 2
5 1987 2
14 1988 3
16 1988 2
3 1989 2
3 1990 2
5 1990 4
6 1990 4
16 1991 2
3 1992 1
4 1993 1
0 1994 1
13 1995 2
3 1996 1
14 1997 2
8 1998 1
18 1999 2
3 2000 1
8 2001 1
9 2001 2
10 2001 3
3 2002 2
4 2002 1
5 2002 2
6 2002 5
7 2003 2
8 2004 1
8 2005 1
18 2006 2
19 2006 3
20 2006 4
0 2007 1
3 2008 1
3 2009 1
4 2010 1
4 2011 1
15 2012 3
17 2012 3
0 2013 3
4 2014 1
6 2015 3
7 2015 2
2 2016 2
8 2017 1
3 2018 2
8 2019 1
6 2020 2
8 2021 1
4 2022 1
8 2023 1
0 2024 1
4 2025 1
10 2026 3
3 2027 1
8 2028 1
4 2029 1
0 2030 1
4 2031 1
4 2032 1
11 2033 2
4 2034 1
11 2035 2
14 2035 4
15 2035 4
17 2036 2
19 2036 6
19 2037 3
20 2037 3
4 2038 1
9 2039 2
11 2040 2
14 2040 2
0 2041 1
3 2042 1
4 2043 1
3 2044 1
4 2045 1
4 2046 1
0 2047 1
7 2048 2
8 2049 1
4 2050 1
2 2051 2
2 2052 2
14 2053 2
8 2054 1
17 2055 2
0 2056 1
0 2057 1
2 2058 2
8 2059 1
14 2060 2
16 2061 2
3 2062 1
3 2063 1
8 2064 1
15 2065 3
8 2066 2
8 2067 1
17 2068 2
4 2069 1
3 2070 1
0 2071 1
5 2072 2
0 2073 1
20 2074 4
3 2075 1
14 2076 2
0 2077 1
3 2078 1
4 2079 1
3 2080 1
12 2081 3
17 2082 3
8 2083 1
4 2084 1
7 2085 2
2 2086 2
3 2086 3
4 2086 2
5 2086 4
6 2086 5
0 2087 1
18 2088 2
19 2088 3
0 2089 1
4 2090 1
8 2091 1
2 2092 2
8 2093 1
4 2094 1
17 2095 2
3 2096 1
4 2097 1
0 2098 1
4 2099 1
18 2100 2
4 2101 1
8 2102 1
12 2103 2
14 2104 2
0 2105 1
8 2106 1
12 2107 2
8 2108 1
20 2109 3
6 2110 3
0 2111 1
4 2112 1
10 2113 2
8 2114 1
8 2115 1
4 2116 1
0 2117 1
2 2118 2
0 2119 1
11 2120 2
4 2121 1
3 2122 1
6 2122 3
3 2123 1
14 2124 3
15 2125 4
16 2126 2
10 2127 3
11 2127 2
12 2127 2
3 2128 1
4 2129 1
11 2130 2
12 2130 2
13 2130 4
14 2130 8
15 2130 8
0 2131 1
8 2132 1
16 2133 2
16 2134 2
4 2135 1
10 2136 2
2 2137 2
8 2138 1
3 2139 1
8 2140 1
3 2141 1
0 2142 1
7 2143 2
10 2143 3
12 2144 2
16 2145 2
19 2146 3
19 2147 3
8 2148 1
4 2149 1
3 2150 1
0 2151 2
4 2152 1
4 2153 1
0 2154 1
4 2155 1
5 2155 2
6 2155 4
7 2155 3
8 2155 2
9 2155 2
8 2156 1
4 2157 1
8 2158 1
4 2159 1
18 2160 2
8 2161 1
13 2162 2
14 2162 2
15 2162 2
17 2163 2
3 2164 1
4 2165 1
3 2166 1
0 2167 1
8 2168 1
4 2169 1
20 2170 3
4 2171 1
14 2172 4
16 2172 2
17 2172 5
6 2173 2
18 2174 3
4 2175 1
8 2176 1
10 2177 2
8 2178 1
0 2179 1
8 2180 1
4 2181 1
0 2182 1
6 2183 2
10 2184 3
17 2185 2
12 2186 2
13 2186 2
14 2186 4
5 2187 2
4 2188 1
0 2189 1
8 2190 1
0 2191 2
6 2192 2
10 2193 2
2 2194 2
8 2195 1
8 2196 1
9 2196 2
10 2196 2
3 2197 1
8 2198 1
13 2199 2
8 2200 1
17 2201 2
20 2201 3
4 2202 1
8 2203 1
8 2204 1
6 2205 2
12 2206 2
4 2207 1
8 2208 2
8 2209 1
13 2210 2
0 2211 2
8 2212 1
17 2213 2
18 2214 2
0 2215 1
3 2216 1
2 2217 2
3 2217 1
18 2218 3
15 2219 2
8 2220 1
8 2221 1
6 2222 2
18 2223 2
10 2224 2
8 2225 1
4 2226 1
17 2227 2
8 2228 1
3 2229 1
8 2230 1
11 2231 4
14 2231 2
15 2231 4
9 2232 2
8 2233 1
0 2234 2
18 2235 2
8 2236 1
3 2237 1
3 2238 1
4 2238 1
7 2239 2
8 2240 1
12 2241 2
3 2242 1
4 2242 3
5 2242 2
6 2242 4
11 2243 2
13 2243 2
18 2244 2
6 2245 2
16 2246 3
17 2246 2
20 2246 4
4 2247 1
0 2248 1
11 2249 2
12 2250 2
8 2251 1
4 2252 1
3 2253 1
0 2254 1
10 2255 2
8 2256 1
0 2257 1
6 2258 3
6 2259 3
4 2260 1
20 2261 4
8 2262 1
3 2263 1
3 2264 1
15 2265 2
4 2266 1
8 2267 1
14 2268 2
8 2269 1
4 2270 1
4 2271 1
0 2272 1
2 2273 2
8 2274 1
4 2275 1
9 2276 2
1 2277 3
6 2278 2
0 2279 1
0 2280 1
0 2281 1
4 2282 1
0 2283 1
19 2284 3
4 2285 1
13 2286 3
14 2286 3
15 2286 2
16 2286 5
19 2287 3
0 2288 1
4 2289 1
0 2290 2
1 2290 2
7 2291 3
8 2292 1
7 2293 2
14 2294 2
3 2295 1
3 2296 1
11 2297 2
12 2297 2
18 2298 2
16 2299 4
4 2300 1
8 2301 1
14 2302 2
3 2303 1
4 2304 1
0 2305 1
8 2306 1
17 2307 2
18 2307 3
20 2307 6
4 2308 1
8 2309 1
8 2310 1
3 2311 2
4 2312 1
8 2313 1
15 2314 2
16 2314 2
0 2315 1
0 2316 1
9 2317 2
8 2318 1
0 2319 1
9 2320 2
0 2321 1
12 2322 2
8 2323 1
15 2324 2
0 2325 1
0 2326 1
7 2327 2
8 2328 1
9 2329 2
4 2330 1
8 2331 1
3 2332 4
4 2332 1
5 2332 3
6 2332 8
3 2333 1
3 2334 1
8 2335 1
0 2336 1
4 2337 1
4 2338 1
10 2339 5
11 2339 6
13 2339 2
3 2340 1
18 2341 2
9 2342 4
10 2342 6
12 2342 2
13 2343 3
14 2343 3
15 2343 2
4 2344 1
14 2345 2
1 2346 2
4 2346 1
3 2347 2
4 2347 2
6 2347 2
4 2348 1
11 2349 2
18 2350 2
3 2351 1
19 2352 3
4 2353 1
8 2354 1
6 2355 2
4 2356 1
13 2357 2
17 2358 2
4 2359 1
8 2360 1
0 2361 1
13 2362 2
4 2363 1
8 2364 2
0 2365 1
4 2366 1
4 2367 1
4 2368 1
8 2369 1
3 2370 1
4 2371 1
16 2372 2
9 2373 2
15 2374 3
3 2375 1
0 2376 1
0 2377 1
4 2378 1
0 2379 1
3 2380 1
4 2381 1
17 2382 2
7 2383 2
8 2383 1
10 2384 2
0 2385 2
1 2385 2
3 2385 1
16 2386 3
4 2387 1
0 2388 1
3 2388 2
8 2389 1
8 2390 1
8 2391 1
1 2392 2
4 2393 1
4 2394 1
4 2395 1
8 2396 1
13 2397 2
15 2397 5
16 2398 2
4 2399 1
6 2399 2
6 2400 2
8 2400 1
0 2401 1
6 2402 3
8 2402 2
0 2403 1
0 2404 1
13 2405 2
14 2406 3
0 2407 1
11 2408 2
4 2409 1
8 2410 1
8 2411 1
13 2412 2
14 2412 2
4 2413 1
4 2414 1
11 2415 2
12 2415 3
4 2416 1
3 2417 1
4 2417 1
0 2418 1
8 2419 1
0 2420 1
14 2421 2
10 2422 2
3 2423 1
8 2424 1
8 2425 1
13 2426 2
14 2426 3
0 2427 1
14 2428 4
4 2429 1
0 2430 1
5 2431 2
8 2431 1
9 2431 3
17 2432 2
3 2433 1
0 2434 1
4 2435 1
10 2436 2
11 2437 2
11 2438 2
3 2439 1
4 2440 1
0 2441 1
15 2442 2
4 2443 1
8 2444 1
11 2445 2
16 2446 2
0 2447 1
0 2448 1
4 2449 1
4 2450 1
0 2451 1
4 2452 1
18 2453 2
8 2454 1
9 2455 2
0 2456 1
4 2457 1
0 2458 1
2 2458 3
4 2458 1
19 2459 3
3 2460 1
6 2461 2
16 2462 2
8 2463 1
18 2464 2
10 2465 2
4 2466 1
4 2467 1
8 2468 1
8 2469 1
8 2470 1
16 2471 2
